0.002	1
0.004	3.689029803
0.006	12.90125044
0.008	11.95473781
0.01	10.91301282
0.012	10.34319103
0.014	10.95327798
0.016	10.67845318
0.018	12.92325071
0.02	18.95037084
0.022	19.55679482
0.024	25.88142607
0.026	29.05012601
0.028	29.43839518
0.03	29.37142809
0.032	31.72683533
0.034	36.96616029
0.036	41.57537244
0.038	46.00868853
0.04	44.11379378
0.042	45.55282666
0.044	43.74309559
0.046	42.56000338
0.048	41.01727829
0.05	40.33486843
0.052	39.00939838
0.054	38.01930129
0.056	37.29821038
0.058	37.03425021
0.06	38.97511505
0.062	39.22109136
0.064	40.05168088
0.066	43.05607508
0.068	43.53302247
0.07	43.32277687
0.072	43.63317354
0.074	44.74624656
0.076	46.6395716
0.078	47.25809666
0.08	47.80542696
0.082	47.53239302
0.084	46.71786921
0.086	45.80779833
0.088	45.45915121
0.09	45.37098233
0.092	45.91905028
0.094	46.00919821
0.096	46.11629913
0.098	45.43369469
0.1	44.76801483
0.102	44.14297916
0.104	44.17807504
0.106	45.0684608
0.108	46.65596972
0.11	49.8931324
0.112	53.97280215
0.114	56.38813601
0.116	58.78127829
0.118	59.46540348
0.12	59.90932514
0.122	59.00231235
0.124	58.32974228
0.126	57.93286895
0.128	57.92616676
0.13	57.69258608
0.132	56.96559698
0.134	56.21531017
0.136	55.79572234
0.138	55.09007085
0.14	54.57318105
0.142	54.12347097
0.144	53.70015156
0.146	53.12546751
0.148	53.05456946
0.15	52.97354926
0.152	53.4206896
0.154	53.52489876
0.156	53.55673876
0.158	53.5397097
0.16	54.33170119
0.162	54.60170559
0.164	54.76378401
0.166	54.75147394
0.168	54.82452023
0.17	54.45004983
0.172	54.24782357
0.174	53.88923452
0.176	54.05716429
0.178	53.54459866
0.18	53.07259881
0.182	52.65445599
0.184	52.30290009
0.186	52.15666889
0.188	51.94731346
0.19	52.15511667
0.192	51.90317565
0.194	51.43440593
0.196	51.05520241
0.198	50.9379582
0.2	50.73018142
0.202	50.62569828
0.204	50.88417722
0.206	51.5113673
0.208	51.9328043
0.21	52.52301755
0.212	53.3507514
0.214	54.07558131
0.216	54.62198885
0.218	54.82449256
0.22	54.83727065
0.222	54.89436001
0.224	54.49357882
0.226	54.84810023
0.228	55.44759767
0.23	55.44704345
0.232	55.84543439
0.234	55.70514311
0.236	55.40009372
0.238	55.10830205
0.24	54.8883977
0.242	54.83465234
0.244	54.88117648
0.246	55.0091067
0.248	54.70318009
0.25	54.38825474
0.252	54.17479818
0.254	53.79116566
0.256	53.38995466
0.258	53.67263257
0.26	53.39344877
0.262	53.06684061
0.264	52.78464701
0.266	52.40072488
0.268	52.14660429
0.27	51.82950287
0.272	51.54342093
0.274	51.34030879
0.276	51.33497159
0.278	51.79719478
0.28	52.23297578
0.282	52.4779454
0.284	52.63015571
0.286	52.53678622
0.288	52.49762045
0.29	52.61105649
0.292	52.81354875
0.294	53.22821573
0.296	53.16895589
0.298	53.59896984
0.3	53.78236218
0.302	53.86548817
0.304	53.8420991
0.306	53.82818821
0.308	53.69128835
0.31	53.75196439
0.312	54.42009255
0.314	54.86676348
0.316	55.19165776
0.318	55.48838228
0.32	55.48059969
0.322	55.79603596
0.324	56.2452222
0.326	56.68366788
0.328	56.54433088
0.33	56.3863799
0.332	56.37532498
0.334	56.51943225
0.336	56.41796567
0.338	56.19418121
0.34	55.92692364
0.342	55.63509216
0.344	55.34096454
0.346	55.10349846
0.348	55.32774988
0.35	55.50529114
0.352	55.36989017
0.354	55.44661065
0.356	55.24674804
0.358	55.02199444
0.36	54.8160213
0.362	54.89591617
0.364	54.89467561
0.366	54.95925357
0.368	54.96345511
0.37	54.88368857
0.372	54.94967991
0.374	55.1250206
0.376	55.10859607
0.378	54.87556424
0.38	54.64965039
0.382	54.57747007
0.384	54.73668826
0.386	54.88089285
0.388	54.69624878
0.39	54.551008
0.392	54.31673087
0.394	54.23215401
0.396	54.03058384
0.398	53.79765346
0.4	53.83963338
0.402	53.63117753
0.404	53.69869917
0.406	53.49369768
0.408	53.40791725
0.41	53.25212965
0.412	53.19518877
0.414	52.97847596
0.416	53.03178818
0.418	53.03313706
0.42	53.15053385
0.422	53.18487056
0.424	53.12129512
0.426	52.93542358
0.428	52.8027368
0.43	52.77524853
0.432	52.8005328
0.434	52.96820606
0.436	53.06145006
0.438	53.18586465
0.44	53.31791128
0.442	53.31283411
0.444	53.2944496
0.446	53.27050064
0.448	53.42894
0.45	53.96108548
0.452	54.66273986
0.454	55.18959156
0.456	55.62911284
0.458	55.67724377
0.46	55.497586
0.462	55.32246431
0.464	55.18059194
0.466	55.04307589
0.468	54.91944482
0.47	54.9673888
0.472	54.78584799
0.474	54.57808409
0.476	54.38175322
0.478	54.26543434
0.48	54.28866075
0.482	54.16331973
0.484	53.95446796
0.486	53.86589175
0.488	53.96400269
0.49	54.04497003
0.492	54.3611845
0.494	54.54074518
0.496	54.83012856
0.498	55.00984775
0.5	54.88571944
0.502	54.82587367
0.504	54.67199446
0.506	54.63432342
0.508	54.86777949
0.51	54.79528083
0.512	54.71653976
0.514	54.61379687
0.516	54.69019491
0.518	54.63997888
0.52	54.90265205
0.522	55.42661673
0.524	55.64909081
0.526	55.72058434
0.528	55.73626936
0.53	56.14653399
0.532	56.2954227
0.534	56.25932328
0.536	56.28078513
0.538	56.16252395
0.54	56.30575594
0.542	56.61335018
0.544	57.02500098
0.546	57.59170173
0.548	57.67575702
0.55	57.65495977
0.552	57.60836953
0.554	57.46610813
0.556	57.33864183
0.558	57.44889569
0.56	57.51208483
0.562	57.51218891
0.564	57.45202096
0.566	57.2923172
0.568	57.11823352
0.57	57.14799641
0.572	57.31139982
0.574	58.1240471
0.576	58.4660946
0.578	58.75041278
0.58	58.77079316
0.582	58.72835656
0.584	58.84190359
0.586	58.90481467
0.588	58.91674717
0.59	58.93930749
0.592	58.84540912
0.594	58.90156773
0.596	58.94412542
0.598	58.96324041
0.6	58.8602131
0.602	58.96269821
0.604	59.00854373
0.606	59.04911937
0.608	59.11059949
0.61	59.16990874
0.612	59.08323972
0.614	59.07129198
0.616	58.97534037
0.618	58.97185212
0.62	58.87104149
0.622	58.84539169
0.624	58.87695593
0.626	58.83968712
0.628	58.75021294
0.63	58.79032566
0.632	58.84250248
0.634	59.20849443
0.636	60.04074764
0.638	60.70960567
0.64	61.04530623
0.642	61.26892646
0.644	61.45956377
0.646	61.39403349
0.648	61.33949596
0.65	61.32268578
0.652	61.28142374
0.654	61.18249255
0.656	61.10280748
0.658	61.02539974
0.66	60.92303516
0.662	60.86051022
0.664	60.84046062
0.666	60.7234076
0.668	60.67952893
0.67	60.69421965
0.672	60.54571858
0.674	60.48506145
0.676	60.35378558
0.678	60.23642768
0.68	60.18750876
0.682	60.11701779
0.684	60.2326282
0.686	60.17352682
0.688	60.05944853
0.69	59.99182165
0.692	59.92949655
0.694	59.9484281
0.696	59.88072095
0.698	59.92314667
0.7	59.81113317
0.702	59.75153206
0.704	59.73089622
0.706	59.7328632
0.708	59.78527298
0.71	59.76947799
0.712	59.83090017
0.714	60.01314756
0.716	59.97582475
0.718	59.98497057
0.72	60.05735124
0.722	60.04053886
0.724	59.90849638
0.726	59.86446631
0.728	59.81844376
0.73	59.83726527
0.732	59.84680047
0.734	59.77987046
0.736	59.73979131
0.738	59.64206484
0.74	59.62784413
0.742	59.61419489
0.744	59.69140869
0.746	59.58541244
0.748	59.53926198
0.75	59.72107454
0.752	59.7813461
0.754	59.6790581
0.756	59.66174387
0.758	59.81316006
0.76	59.75754805
0.762	59.69356522
0.764	59.62711487
0.766	59.50371037
0.768	59.38796888
0.77	59.29980251
0.772	59.17814679
0.774	59.033777
0.776	59.01166699
0.778	58.97614513
0.78	59.12985214
0.782	59.20382464
0.784	59.227681
0.786	59.22647295
0.788	59.2952423
0.79	59.43100534
0.792	59.37562267
0.794	59.36142382
0.796	59.35670771
0.798	59.42596366
0.8	59.45780394
0.802	59.44346381
0.804	59.55720178
0.806	59.63929853
0.808	59.72745538
0.81	59.77897986
0.812	59.65519196
0.814	59.52403812
0.816	59.42764101
0.818	59.42976359
0.82	59.46293466
0.822	59.74178695
0.824	60.11204362
0.826	60.6534298
0.828	61.18703746
0.83	61.18292559
0.832	61.11969422
0.834	61.00074516
0.836	60.86309478
0.838	60.80294315
0.84	60.87835723
0.842	60.84784835
0.844	60.84406305
0.846	60.95945811
0.848	60.94181535
0.85	61.0492803
0.852	61.44930945
0.854	61.50092594
0.856	61.5316308
0.858	61.7138797
0.86	61.64491195
0.862	61.73951976
0.864	61.86661703
0.866	61.78848111
0.868	61.66958095
0.87	61.55157112
0.872	61.42271713
0.874	61.32514587
0.876	61.33991736
0.878	61.53958387
0.88	61.8717289
0.882	62.01279542
0.884	62.27054956
0.886	62.58255239
0.888	63.0359839
0.89	63.29091016
0.892	63.34177277
0.894	63.43635257
0.896	63.46362464
0.898	63.47295604
0.9	63.45160197
0.902	63.38329013
0.904	63.27816334
0.906	63.18049704
0.908	63.14524877
0.91	63.07993695
0.912	62.95512219
0.914	62.83697329
0.916	62.76449593
0.918	62.68577149
0.92	62.62860872
0.922	62.52782139
0.924	62.53369218
0.926	62.4207243
0.928	62.34843565
0.93	62.22051821
0.932	62.20349475
0.934	62.18454504
0.936	62.09621194
0.938	62.14235288
0.94	62.30360904
0.942	62.33462382
0.944	62.51069131
0.946	62.85879461
0.948	63.00981338
0.95	62.98156195
0.952	62.92319711
0.954	62.96084907
0.956	62.88088662
0.958	62.82355037
0.96	62.85574869
0.962	62.78537194
0.964	62.70880656
0.966	62.59764577
0.968	62.56866858
0.97	62.60476685
0.972	62.59350705
0.974	62.58106769
0.976	62.62227061
0.978	62.62479094
0.98	62.53583865
0.982	62.61592878
0.984	62.69719162
0.986	62.67606738
0.988	62.56395539
0.99	62.58296699
0.992	62.64878685
0.994	62.61293071
0.996	62.78046552
0.998	62.78882821
1	62.82497012
1.002	62.83749371
1.004	62.76877278
1.006	62.85083474
1.008	62.91868747
1.01	62.92691075
1.012	62.88938287
1.014	62.80440894
1.016	62.77485411
1.018	62.7253721
1.02	62.82052986
1.022	62.74664166
1.024	62.68481931
1.026	62.69657545
1.028	62.83781592
1.03	62.9428762
1.032	63.10003743
1.034	63.09681349
1.036	63.14454015
1.038	63.3026627
1.04	63.25193662
1.042	63.17203492
1.044	63.06394088
1.046	63.11024659
1.048	63.22909659
1.05	63.30674417
1.052	63.24311733
1.054	63.14316484
1.056	63.02881219
1.058	62.96821574
1.06	62.94261092
1.062	62.96946764
1.064	63.01272775
1.066	63.03289303
1.068	62.94359027
1.07	62.8547531
1.072	62.78931238
1.074	62.76947203
1.076	62.76435025
1.078	62.66994505
1.08	62.66335775
1.082	62.73971645
1.084	62.82921655
1.086	62.861261
1.088	62.9409282
1.09	63.08607028
1.092	63.16033979
1.094	63.12381611
1.096	63.11942685
1.098	63.03119159
1.1	62.93808924
1.102	62.92948555
1.104	62.85171167
1.106	62.77055494
1.108	62.6780198
1.11	62.65948235
1.112	62.58251723
1.114	62.48168824
1.116	62.44079613
1.118	62.5012415
1.12	62.45452552
1.122	62.39839296
1.124	62.35446203
1.126	62.39597972
1.128	62.41338254
1.13	62.36224347
1.132	62.27547002
1.134	62.26084672
1.136	62.42998068
1.138	62.50147496
1.14	62.40284219
1.142	62.49341178
1.144	62.56492716
1.146	62.53868565
1.148	62.54263947
1.15	62.65137892
1.152	62.67823193
1.154	62.65825442
1.156	62.72370393
1.158	62.70017327
1.16	62.7661952
1.162	62.81179334
1.164	62.81738976
1.166	62.8681812
1.168	62.84013279
1.17	62.85636415
1.172	62.80313367
1.174	62.74370062
1.176	62.89823981
1.178	63.07917547
1.18	63.17228133
1.182	63.18434746
1.184	63.17118499
1.186	63.10123565
1.188	63.08192556
1.19	63.06348309
1.192	63.17903527
1.194	63.2786869
1.196	63.35729583
1.198	63.30243803
1.2	63.28526844
1.202	63.18174697
1.204	63.12849014
1.206	63.04391183
1.208	62.95457416
1.21	62.9147344
1.212	62.90135926
1.214	62.86716003
1.216	62.88381851
1.218	62.94051448
1.22	62.94643414
1.222	62.95316797
1.224	62.87895684
1.226	62.8193044
1.228	62.72927522
1.23	62.69595904
1.232	62.63831878
1.234	62.54339646
1.236	62.46047812
1.238	62.36896253
1.24	62.30392212
1.242	62.29841662
1.244	62.4870997
1.246	62.48432869
1.248	62.46607427
1.25	62.39632455
1.252	62.439642
1.254	62.49915648
1.256	62.5961941
1.258	62.67041774
1.26	62.6172038
1.262	62.59007591
1.264	62.63796823
1.266	62.71280266
1.268	62.76485356
1.27	62.86362602
1.272	62.92380911
1.274	63.14970402
1.276	63.19292027
1.278	63.26764337
1.28	63.26816366
1.282	63.2640425
1.284	63.26339397
1.286	63.2505849
1.288	63.31936605
1.29	63.37244153
1.292	63.49076522
1.294	63.61330585
1.296	63.63037287
1.298	63.5835311
1.3	63.58875318
1.302	63.55906058
1.304	63.59110225
1.306	63.57415767
1.308	63.60611917
1.31	63.56343378
1.312	63.51479768
1.314	63.44719224
1.316	63.43213544
1.318	63.37403738
1.32	63.31668554
1.322	63.30657868
1.324	63.44654386
1.326	63.45744984
1.328	63.39142897
1.33	63.39066051
1.332	63.30663837
1.334	63.27900232
1.336	63.264668
1.338	63.31231752
1.34	63.40724122
1.342	63.51529876
1.344	63.68204459
1.346	63.71142789
1.348	63.73246941
1.35	63.72033853
1.352	63.80381589
1.354	63.93448166
1.356	64.08952494
1.358	64.09895869
1.36	64.06287915
1.362	64.00042977
1.364	63.95743676
1.366	63.90391703
1.368	63.81925172
1.37	63.76823556
1.372	63.70777924
1.374	63.66780086
1.376	63.72240371
1.378	63.77996996
1.38	63.84931065
1.382	63.84914104
1.384	63.77198009
1.386	63.78389064
1.388	63.84949779
1.39	63.99742288
1.392	64.09628711
1.394	64.14997144
1.396	64.15032181
1.398	64.10370623
1.4	64.07910028
1.402	64.06194675
1.404	64.00144327
1.406	63.97267081
1.408	63.95063936
1.41	63.95161563
1.412	63.99677321
1.414	64.24857781
1.416	64.57480907
1.418	64.59816881
1.42	64.58810205
1.422	64.56067148
1.424	64.55424832
1.426	64.50836799
1.428	64.49296924
1.43	64.47174319
1.432	64.42765066
1.434	64.58967687
1.436	64.76837021
1.438	64.8675682
1.44	64.91745487
1.442	64.92886964
1.444	64.89873527
1.446	64.81999779
1.448	64.75504182
1.45	64.72617436
1.452	64.73236443
1.454	64.71570297
1.456	64.68676367
1.458	64.64418149
1.46	64.61785736
1.462	64.58870098
1.464	64.57423827
1.466	64.52610232
1.468	64.49386468
1.47	64.47644476
1.472	64.42816951
1.474	64.37567927
1.476	64.33354012
1.478	64.27466052
1.48	64.22035787
1.482	64.15604122
1.484	64.09100433
1.486	64.02150974
1.488	63.9478791
1.49	63.8938752
1.492	63.84549283
1.494	63.83346312
1.496	63.87652659
1.498	63.90997364
1.5	64.01978215
1.502	64.09024111
1.504	64.04686206
1.506	64.16949246
1.508	64.37325379
1.51	64.47314574
1.512	64.49779457
1.514	64.47839316
1.516	64.47503491
1.518	64.41467705
1.52	64.36041653
1.522	64.3178037
1.524	64.24703156
1.526	64.22192234
1.528	64.23798944
1.53	64.24238238
1.532	64.19882645
1.534	64.14602201
1.536	64.31876026
1.538	64.42904039
1.54	64.42208392
1.542	64.38366901
1.544	64.40392616
1.546	64.38043303
1.548	64.37697665
1.55	64.33857139
1.552	64.28066362
1.554	64.32466599
1.556	64.33361952
1.558	64.46326046
1.56	64.40608295
1.562	64.36447513
1.564	64.41557103
1.566	64.54297911
1.568	64.61330527
1.57	64.57856343
1.572	64.50700033
1.574	64.45099
1.576	64.37258765
1.578	64.29840919
1.58	64.23796833
1.582	64.17670207
1.584	64.14595575
1.586	64.13995608
1.588	64.10861096
1.59	64.18730172
1.592	64.34800578
1.594	64.44636412
1.596	64.47262978
1.598	64.512495
1.6	64.55289141
1.602	64.51136587
1.604	64.48205907
1.606	64.49076184
1.608	64.47081513
1.61	64.51094119
1.612	64.56934006
1.614	64.56176559
1.616	64.57956076
1.618	64.602235
1.62	64.61443904
1.622	64.64740779
1.624	64.63374049
1.626	64.71900685
1.628	64.77383276
1.63	64.87099374
1.632	64.90968709
1.634	64.93874818
1.636	64.87653764
1.638	64.81960728
1.64	64.76229685
1.642	64.69673798
1.644	64.62505427
1.646	64.58723355
1.648	64.54762965
1.65	64.51217724
1.652	64.51209916
1.654	64.52558384
1.656	64.56097293
1.658	64.52265863
1.66	64.46316049
1.662	64.43930608
1.664	64.48244541
1.666	64.52375512
1.668	64.58670265
1.67	64.68645501
1.672	64.66492255
1.674	64.63421045
1.676	64.56495143
1.678	64.50596232
1.68	64.47771575
1.682	64.52384611
1.684	64.52741111
1.686	64.59379963
1.688	64.67686502
1.69	64.70815356
1.692	64.67348498
1.694	64.61248525
1.696	64.58269725
1.698	64.61778912
1.7	64.67207166
1.702	64.81639658
1.704	64.80644907
1.706	64.79224944
1.708	64.7651881
1.71	64.76122478
1.712	64.75371385
1.714	64.83105751
1.716	64.84228065
1.718	64.87587104
1.72	64.88171649
1.722	64.91388586
1.724	64.94097673
1.726	64.97247115
1.728	65.01982545
1.73	65.05381561
1.732	65.06644543
1.734	65.0910707
1.736	65.22980139
1.738	65.34345012
1.74	65.36988105
1.742	65.41361525
1.744	65.44589101
1.746	65.52470851
1.748	65.50912756
1.75	65.4954103
1.752	65.44942678
1.754	65.39963241
1.756	65.45322579
1.758	65.4583375
1.76	65.39712486
1.762	65.33124042
1.764	65.27302554
1.766	65.26221963
1.768	65.24345945
1.77	65.29645806
1.772	65.28798239
1.774	65.2723483
1.776	65.23523335
1.778	65.19725262
1.78	65.17008199
1.782	65.16235917
1.784	65.19026181
1.786	65.17764197
1.788	65.29204715
1.79	65.36849457
1.792	65.57348266
1.794	65.73009708
1.796	65.81686315
1.798	65.93736136
1.8	66.07110094
1.802	66.10622733
1.804	66.09456975
1.806	66.03383518
1.808	66.09630982
1.81	66.1046081
1.812	66.1531544
1.814	66.21167313
1.816	66.27846391
1.818	66.30632721
1.82	66.279921
1.822	66.25928056
1.824	66.20867725
1.826	66.16053776
1.828	66.12898472
1.83	66.13381331
1.832	66.10531596
1.834	66.07455754
1.836	66.03853294
1.838	65.97998282
1.84	65.9365638
1.842	65.87881474
1.844	65.83354579
1.846	65.80282097
1.848	65.79188964
1.85	65.72591518
1.852	65.65944706
1.854	65.62298449
1.856	65.59159485
1.858	65.63083729
1.86	65.66227504
1.862	65.65235259
1.864	65.71102249
1.866	65.80988337
1.868	65.78017802
1.87	65.77742684
1.872	65.7406113
1.874	65.73399618
1.876	65.76228671
1.878	65.79105072
1.88	65.73959712
1.882	65.67924029
1.884	65.65828274
1.886	65.72056383
1.888	65.7511275
1.89	65.74964743
1.892	65.71279262
1.894	65.68406791
1.896	65.65522615
1.898	65.61510097
1.9	65.55623881
1.902	65.49600986
1.904	65.46740456
1.906	65.40911105
1.908	65.37756756
1.91	65.3487152
1.912	65.31012057
1.914	65.27963444
1.916	65.22237681
1.918	65.18583333
1.92	65.19248173
1.922	65.19852114
1.924	65.21532916
1.926	65.32166324
1.928	65.44106255
1.93	65.56495707
1.932	65.67719417
1.934	65.66449888
1.936	65.6814629
1.938	65.66752813
1.94	65.72273895
1.942	65.74164098
1.944	65.83842027
1.946	65.84810609
1.948	65.81757688
1.95	65.76785307
1.952	65.71416686
1.954	65.65368184
1.956	65.62376715
1.958	65.57049495
1.96	65.51326491
1.962	65.46121228
1.964	65.40801792
1.966	65.38188984
1.968	65.38232376
1.97	65.43166884
1.972	65.47065295
1.974	65.48292942
1.976	65.47986882
1.978	65.45972402
1.98	65.46923941
1.982	65.44690419
1.984	65.39403331
1.986	65.33248939
1.988	65.28733706
1.99	65.29514828
1.992	65.29082418
1.994	65.29354196
1.996	65.35573221
1.998	65.43255852
2	65.39623765
2.002	65.4539885
2.004	65.45780873
2.006	65.45532687
2.008	65.43110895
2.01	65.38134446
2.012	65.39253907
2.014	65.37183995
2.016	65.32270462
2.018	65.29575046
2.02	65.23972701
2.022	65.20627532
2.024	65.23108341
2.026	65.25733015
2.028	65.28638877
2.03	65.36256289
2.032	65.37902883
2.034	65.38024458
2.036	65.35367488
2.038	65.34021083
2.04	65.32698327
2.042	65.29911469
2.044	65.3251859
2.046	65.29882783
2.048	65.26026256
2.05	65.24411299
2.052	65.20616703
2.054	65.14551544
2.056	65.09180808
2.058	65.10592241
2.06	65.09648225
2.062	65.08103208
2.064	65.04186659
2.066	64.99046084
2.068	64.92984266
2.07	64.90920748
2.072	64.85937364
2.074	64.84579733
2.076	64.88645923
2.078	64.84314864
2.08	64.80791806
2.082	64.75089065
2.084	64.70726074
2.086	64.70266087
2.088	64.68572584
2.09	64.64626584
2.092	64.60532159
2.094	64.5672136
2.096	64.528181
2.098	64.5323664
2.1	64.56199466
2.102	64.60308373
2.104	64.58017962
2.106	64.5380466
2.108	64.49695489
2.11	64.44810457
2.112	64.41663099
2.114	64.37027489
2.116	64.32999584
2.118	64.29081452
2.12	64.25440818
2.122	64.2100621
2.124	64.15431617
2.126	64.10711212
2.128	64.07310873
2.13	64.03701165
2.132	63.99512381
2.134	63.96594585
2.136	63.94558302
2.138	63.98396453
2.14	63.98150723
2.142	63.99093347
2.144	63.96966877
2.146	63.94881807
2.148	64.0753279
2.15	64.11785289
2.152	64.23734023
2.154	64.2758911
2.156	64.26546869
2.158	64.29939585
2.16	64.30445783
2.162	64.26996257
2.164	64.24740155
2.166	64.19476602
2.168	64.1641815
2.17	64.13246879
2.172	64.12788665
2.174	64.10250971
2.176	64.11998525
2.178	64.06848561
2.18	64.03666736
2.182	63.98639067
2.184	63.93728757
2.186	63.90234047
2.188	63.88817971
2.19	63.91284451
2.192	63.97563643
2.194	64.0574373
2.196	64.10689278
2.198	64.23529675
2.2	64.27991997
2.202	64.30137881
2.204	64.27955723
2.206	64.24191235
2.208	64.21299747
2.21	64.20988608
2.212	64.25247881
2.214	64.24706822
2.216	64.20257922
2.218	64.16809338
2.22	64.12853109
2.222	64.0930095
2.224	64.05100952
2.226	63.99595952
2.228	63.97406982
2.23	63.98713533
2.232	64.00032485
2.234	63.98211412
2.236	63.99350009
2.238	64.02633038
2.24	64.01991338
2.242	64.02874297
2.244	63.97960701
2.246	63.93005571
2.248	63.93727006
2.25	63.96146684
2.252	63.98069021
2.254	64.00828268
2.256	64.03088122
2.258	64.02584201
2.26	64.05118605
2.262	64.0751407
2.264	64.08083558
2.266	64.08765178
2.268	64.09957331
2.27	64.14858978
2.272	64.19368496
2.274	64.33086493
2.276	64.47350881
2.278	64.54323065
2.28	64.58514162
2.282	64.56149953
2.284	64.57198933
2.286	64.55531527
2.288	64.5610416
2.29	64.60456402
2.292	64.60057578
2.294	64.68783149
2.296	64.72711001
2.298	64.77664637
2.3	64.86446797
2.302	64.88504937
2.304	65.05001049
2.306	65.08597521
2.308	65.19796208
2.31	65.25452404
2.312	65.27313072
2.314	65.32999757
2.316	65.35020739
2.318	65.37709645
2.32	65.39101959
2.322	65.44063352
2.324	65.50901492
2.326	65.51399562
2.328	65.51543405
2.33	65.53380718
2.332	65.50137963
2.334	65.51277408
2.336	65.47053436
2.338	65.45338386
2.34	65.41407018
2.342	65.36952476
2.344	65.31932382
2.346	65.26799465
2.348	65.24051696
2.35	65.20416648
2.352	65.17620589
2.354	65.13057386
2.356	65.08850172
2.358	65.12002429
2.36	65.12818781
2.362	65.09982434
2.364	65.06288924
2.366	65.03886747
2.368	65.01285743
2.37	64.99224509
2.372	64.96207606
2.374	64.91870318
2.376	64.88450254
2.378	64.84875464
2.38	64.81868851
2.382	64.79833669
2.384	64.79469757
2.386	64.8137573
2.388	64.78343555
2.39	64.83990833
2.392	64.87827078
2.394	64.84311872
2.396	64.82879721
2.398	64.89871214
2.4	64.95500502
2.402	64.98775168
2.404	64.97940861
2.406	64.94072183
2.408	64.94863535
2.41	64.96131454
2.412	64.94479755
2.414	64.94648593
2.416	64.93899586
2.418	64.89353063
2.42	64.87352901
2.422	64.9048869
2.424	64.95932562
2.426	64.95617631
2.428	64.94620409
2.43	64.90107014
2.432	64.89084104
2.434	64.85023542
2.436	64.80316331
2.438	64.76294782
2.44	64.72283707
2.442	64.67769385
2.444	64.62868778
2.446	64.58219102
2.448	64.53355747
2.45	64.50132806
2.452	64.47968361
2.454	64.44796827
2.456	64.41777527
2.458	64.45052505
2.46	64.48980943
2.462	64.46762845
2.464	64.41892204
2.466	64.41721311
2.468	64.42963836
2.47	64.49970945
2.472	64.59038344
2.474	64.62769803
2.476	64.64942355
2.478	64.63758094
2.48	64.6109758
2.482	64.5892634
2.484	64.55378675
2.486	64.52143915
2.488	64.48384903
2.49	64.4657916
2.492	64.42215909
2.494	64.37929634
2.496	64.33289451
2.498	64.30267729
2.5	64.25228112
2.502	64.22693854
2.504	64.22447332
2.506	64.22452535
2.508	64.26156426
2.51	64.31703787
2.512	64.30850248
2.514	64.33520022
2.516	64.35454175
2.518	64.42119596
2.52	64.41290036
2.522	64.37527301
2.524	64.35846491
2.526	64.32967409
2.528	64.29414551
2.53	64.24933244
2.532	64.20646267
2.534	64.1769309
2.536	64.13561261
2.538	64.10623785
2.54	64.07839444
2.542	64.08716937
2.544	64.13081439
2.546	64.14454332
2.548	64.12288042
2.55	64.11368978
2.552	64.16612702
2.554	64.18761606
2.556	64.1865445
2.558	64.18874348
2.56	64.25080196
2.562	64.33887005
2.564	64.43514181
2.566	64.47050476
2.568	64.48128379
2.57	64.45777613
2.572	64.45419372
2.574	64.47256023
2.576	64.48726777
2.578	64.49834973
2.58	64.55858376
2.582	64.69147289
2.584	64.75754176
2.586	64.76237026
2.588	64.76460973
2.59	64.82108082
2.592	64.81934904
2.594	64.91107049
2.596	64.89117389
2.598	64.86684709
2.6	64.84499911
2.602	64.82569195
2.604	64.84156551
2.606	64.82452662
2.608	64.8273412
2.61	64.82301694
2.612	64.79537449
2.614	64.76783119
2.616	64.75412306
2.618	64.72051838
2.62	64.69108628
2.622	64.67671739
2.624	64.64291276
2.626	64.67896147
2.628	64.73228563
2.63	64.79227129
2.632	64.87354708
2.634	64.98449426
2.636	65.19076446
2.638	65.42935615
2.64	65.51864032
2.642	65.60240604
2.644	65.63669489
2.646	65.60521705
2.648	65.56823833
2.65	65.54321149
2.652	65.57248515
2.654	65.64273985
2.656	65.76764819
2.658	65.81225801
2.66	65.81012386
2.662	65.78315151
2.664	65.77079719
2.666	65.72891271
2.668	65.72804632
2.67	65.71059732
2.672	65.6912661
2.674	65.66704719
2.676	65.67436601
2.678	65.64549708
2.68	65.59926527
2.682	65.59375414
2.684	65.6352664
2.686	65.63682676
2.688	65.65275175
2.69	65.64823876
2.692	65.65058409
2.694	65.66377275
2.696	65.71236321
2.698	65.70624308
2.7	65.68467769
2.702	65.68192361
2.704	65.68648818
2.706	65.67023279
2.708	65.70011841
2.71	65.6866169
2.712	65.73161603
2.714	65.73087576
2.716	65.74376956
2.718	65.77734441
2.72	65.85814541
2.722	65.8794019
2.724	65.92662814
2.726	66.01977367
2.728	66.08588483
2.73	66.12722498
2.732	66.19187409
2.734	66.20700393
2.736	66.16049842
2.738	66.13118849
2.74	66.13398362
2.742	66.26100924
2.744	66.26932874
2.746	66.24690175
2.748	66.20366152
2.75	66.19600599
2.752	66.20194879
2.754	66.26252313
2.756	66.30208845
2.758	66.30687907
2.76	66.30732277
2.762	66.27805149
2.764	66.2638188
2.766	66.24294757
2.768	66.2661913
2.77	66.25557007
2.772	66.22541603
2.774	66.21697086
2.776	66.18660308
2.778	66.15874587
2.78	66.19030883
2.782	66.17334382
2.784	66.16117609
2.786	66.13258157
2.788	66.16403314
2.79	66.16833699
2.792	66.21199271
2.794	66.30199043
2.796	66.36382597
2.798	66.43699329
2.8	66.4405221
2.802	66.44609007
2.804	66.41909788
2.806	66.41596449
2.808	66.39642087
2.81	66.3632546
2.812	66.32410243
2.814	66.29124361
2.816	66.2463965
2.818	66.21653092
2.82	66.19216471
2.822	66.19209135
2.824	66.15480002
2.826	66.12986654
2.828	66.1018484
2.83	66.07157102
2.832	66.03219161
2.834	66.01432577
2.836	65.97542191
2.838	65.93885097
2.84	65.89520349
2.842	65.86222099
2.844	65.83383827
2.846	65.80574115
2.848	65.76308628
2.85	65.75493774
2.852	65.71101999
2.854	65.74029942
2.856	65.77904378
2.858	65.81270551
2.86	65.82757323
2.862	65.88610729
2.864	65.93457531
2.866	65.94156993
2.868	65.93648983
2.87	65.91436364
2.872	65.88888278
2.874	65.86936647
2.876	65.85240018
2.878	65.84756179
2.88	65.81063446
2.882	65.76837383
2.884	65.73724007
2.886	65.7296038
2.888	65.68679882
2.89	65.64591585
2.892	65.62770084
2.894	65.65150707
2.896	65.69806697
2.898	65.69623773
2.9	65.69638865
2.902	65.7713477
2.904	65.81375025
2.906	65.78897445
2.908	65.8247901
2.91	65.87315656
2.912	65.88127398
2.914	65.88115833
2.916	65.85877239
2.918	65.84021344
2.92	65.81687149
2.922	65.7952925
2.924	65.77021938
2.926	65.76114546
2.928	65.76634266
2.93	65.75260216
2.932	65.75377778
2.934	65.79870648
2.936	65.85700825
2.938	65.90861844
2.94	65.89982556
2.942	65.9434122
2.944	65.9362726
2.946	65.95619128
2.948	65.98937182
2.95	66.04638599
2.952	66.06073083
2.954	66.05448928
2.956	66.06043852
2.958	66.09825794
2.96	66.14962919
2.962	66.15977196
2.964	66.19445487
2.966	66.17723825
2.968	66.18213712
2.97	66.17342679
2.972	66.17337111
2.974	66.23967113
2.976	66.23214731
2.978	66.2381282
2.98	66.28818645
2.982	66.42552686
2.984	66.4965508
2.986	66.50719001
2.988	66.53988112
2.99	66.56011942
2.992	66.57113774
2.994	66.5867719
2.996	66.56234819
2.998	66.56133365
3	66.56104267
3.002	66.53845475
3.004	66.56213686
3.006	66.61768532
3.008	66.66908854
3.01	66.70607868
3.012	66.69398085
3.014	66.71945366
3.016	66.69886648
3.018	66.67097215
3.02	66.64172982
3.022	66.62760917
3.024	66.60051629
3.026	66.57327834
3.028	66.54604777
3.03	66.53271149
3.032	66.50873976
3.034	66.48232298
3.036	66.48123114
3.038	66.46849018
3.04	66.47084807
3.042	66.46714527
3.044	66.43947388
3.046	66.42492735
3.048	66.40621012
3.05	66.37413493
3.052	66.36486543
3.054	66.34403891
3.056	66.312074
3.058	66.28438196
3.06	66.24729087
3.062	66.2257273
3.064	66.21213783
3.066	66.20315666
3.068	66.20582344
3.07	66.17142252
3.072	66.13360201
3.074	66.10350669
3.076	66.07494041
3.078	66.03881635
3.08	66.04276902
3.082	66.03016182
3.084	66.02521975
3.086	66.02391674
3.088	66.02903712
3.09	66.00797964
3.092	65.97021836
3.094	65.95168428
3.096	66.0242965
3.098	66.09566194
3.1	66.16723112
3.102	66.28489197
3.104	66.35340224
3.106	66.38820126
3.108	66.38258856
3.11	66.4130687
3.112	66.41119774
3.114	66.43315598
3.116	66.41530472
3.118	66.39112693
3.12	66.35626678
3.122	66.35811495
3.124	66.32840812
3.126	66.3190961
3.128	66.3607756
3.13	66.34524834
3.132	66.32986952
3.134	66.37387687
3.136	66.41208656
3.138	66.49810419
3.14	66.59821988
3.142	66.66075973
3.144	66.65780845
3.146	66.6528248
3.148	66.63842658
3.15	66.6141177
3.152	66.59223323
3.154	66.61475105
3.156	66.60422461
3.158	66.65324716
3.16	66.72699489
3.162	66.77028093
3.164	66.74697103
3.166	66.79175803
3.168	66.8550829
3.17	66.87566884
3.172	66.85112934
3.174	66.81693787
3.176	66.78673815
3.178	66.79286919
3.18	66.76558788
3.182	66.74330733
3.184	66.7178034
3.186	66.75155068
3.188	66.78768583
3.19	66.80169777
3.192	66.84802385
3.194	66.84634503
3.196	66.90115326
3.198	67.00769414
3.2	67.10542888
3.202	67.21662305
3.204	67.27118946
3.206	67.32000749
3.208	67.39270618
3.21	67.40321752
3.212	67.37014262
3.214	67.36834085
3.216	67.33389893
3.218	67.30121983
3.22	67.26710977
3.222	67.24450967
3.224	67.20986991
3.226	67.17732347
3.228	67.22381121
3.23	67.29086211
3.232	67.35901766
3.234	67.38332786
3.236	67.39100876
3.238	67.3955645
3.24	67.37336867
3.242	67.34218409
3.244	67.30518348
3.246	67.28073257
3.248	67.24208985
3.25	67.21416039
3.252	67.1762403
3.254	67.17224099
3.256	67.15975944
3.258	67.12449617
3.26	67.09753105
3.262	67.05744771
3.264	67.02255005
3.266	67.00035405
3.268	66.97219146
3.27	66.97947335
3.272	66.99973328
3.274	66.96472477
3.276	66.93006655
3.278	66.89995916
3.28	66.89588778
3.282	66.89216652
3.284	66.86248669
3.286	66.8292906
3.288	66.80043887
3.29	66.76913323
3.292	66.75078626
3.294	66.72784566
3.296	66.69874352
3.298	66.66509556
3.3	66.65180813
3.302	66.6163453
3.304	66.57968787
3.306	66.54331222
3.308	66.51423892
3.31	66.50783453
3.312	66.5094039
3.314	66.51451549
3.316	66.4909365
3.318	66.45998735
3.32	66.42359588
3.322	66.45709839
3.324	66.44013837
3.326	66.45910422
3.328	66.43342264
3.33	66.4241227
3.332	66.3969754
3.334	66.36075049
3.336	66.33297961
3.338	66.31617194
3.34	66.28515443
3.342	66.29434948
3.344	66.30870829
3.346	66.29686589
3.348	66.29637725
3.35	66.30367432
3.352	66.28918761
3.354	66.27694508
3.356	66.26577318
3.358	66.23500056
3.36	66.21525277
3.362	66.17869095
3.364	66.16079087
3.366	66.13809822
3.368	66.12335936
3.37	66.08838435
3.372	66.05791091
3.374	66.0432602
3.376	66.03872879
3.378	66.08164642
3.38	66.08938131
3.382	66.05864036
3.384	66.04150552
3.386	66.03058277
3.388	65.99897486
3.39	65.9882006
3.392	66.02284726
3.394	66.02542763
3.396	66.0282403
3.398	66.02659448
3.4	65.99737952
3.402	65.98107094
3.404	65.96072946
3.406	65.95851175
3.408	65.95643494
3.41	65.96151805
3.412	65.95664663
3.414	65.94702621
3.416	65.97259553
3.418	66.0056176
3.42	65.99268951
3.422	66.03737942
3.424	66.03384601
3.426	66.04379588
3.428	66.02723959
3.43	66.04137654
3.432	66.03955373
3.434	66.01482149
3.436	65.98377016
3.438	65.95857034
3.44	65.93252968
3.442	65.90078604
3.444	65.864633
3.446	65.83400903
3.448	65.82012064
3.45	65.82638375
3.452	65.83265121
3.454	65.87826924
3.456	65.90060193
3.458	65.87880867
3.46	65.85798077
3.462	65.84328495
3.464	65.81640514
3.466	65.80931175
3.468	65.80680657
3.47	65.80481612
3.472	65.79515394
3.474	65.76755678
3.476	65.74057693
3.478	65.72674698
3.48	65.6910613
3.482	65.66891877
3.484	65.66163351
3.486	65.64364123
3.488	65.647536
3.49	65.64854831
3.492	65.62517889
3.494	65.62101251
3.496	65.59332597
3.498	65.56955216
3.5	65.54594292
3.502	65.53530647
3.504	65.51380392
3.506	65.48388378
3.508	65.44830657
3.51	65.41841589
3.512	65.38873766
3.514	65.3933565
3.516	65.36868627
3.518	65.35820677
3.52	65.32954583
3.522	65.31877805
3.524	65.30778776
3.526	65.31601553
3.528	65.28734642
3.53	65.25518069
3.532	65.25838369
3.534	65.2340345
3.536	65.20128315
3.538	65.18986432
3.54	65.16747247
3.542	65.13465277
3.544	65.11789139
3.546	65.10231438
3.548	65.07478298
3.55	65.06311957
3.552	65.03059656
3.554	64.99634971
3.556	64.96608396
3.558	64.94635963
3.56	64.93998075
3.562	64.92475552
3.564	64.91219693
3.566	64.893705
3.568	64.87896194
3.57	64.87013456
3.572	64.8856905
3.574	64.90517083
3.576	64.92159045
3.578	64.93383997
3.58	64.9525408
3.582	64.94012069
3.584	64.92332544
3.586	64.88862341
3.588	64.86604428
3.59	64.84284958
3.592	64.85767639
3.594	64.85738611
3.596	64.90358161
3.598	64.89182823
3.6	64.86885123
3.602	64.86175313
3.604	64.83294424
3.606	64.8097093
3.608	64.81339793
3.61	64.80034498
3.612	64.76765762
3.614	64.7381441
3.616	64.7103382
3.618	64.70817604
3.62	64.74582151
3.622	64.73593489
3.624	64.73524933
3.626	64.70996542
3.628	64.71078588
3.63	64.74176635
3.632	64.75238432
3.634	64.73037391
3.636	64.72932229
3.638	64.70269767
3.64	64.69204378
3.642	64.67440145
3.644	64.73731697
3.646	64.80628609
3.648	64.8348697
3.65	64.87414189
3.652	64.89213378
3.654	64.88467344
3.656	64.92167433
3.658	64.89989736
3.66	64.8981372
3.662	64.87511053
3.664	64.85440778
3.666	64.82352583
3.668	64.81062513
3.67	64.78906817
3.672	64.76942787
3.674	64.79053821
3.676	64.81284935
3.678	64.82944566
3.68	64.83392958
3.682	64.83392002
3.684	64.84558662
3.686	64.9068516
3.688	65.05154071
3.69	65.10567139
3.692	65.24334287
3.694	65.29786009
3.696	65.32299213
3.698	65.3303809
3.7	65.34091852
3.702	65.33112707
3.704	65.34926953
3.706	65.37743605
3.708	65.43572857
3.71	65.48818639
3.712	65.50559357
3.714	65.51232249
3.716	65.5175023
3.718	65.52040308
3.72	65.51161785
3.722	65.4856257
3.724	65.4533685
3.726	65.42425413
3.728	65.39571699
3.73	65.37183305
3.732	65.37991441
3.734	65.381061
3.736	65.36418957
3.738	65.34988182
3.74	65.35823202
3.742	65.3753751
3.744	65.3806508
3.746	65.35542189
3.748	65.34617528
3.75	65.36560326
3.752	65.36174404
3.754	65.34818581
3.756	65.31551058
3.758	65.29164755
3.76	65.26699469
3.762	65.24687164
3.764	65.25253131
3.766	65.25739958
3.768	65.31842408
3.77	65.38211169
3.772	65.36196597
3.774	65.33044448
3.776	65.29863738
3.778	65.26834879
3.78	65.24144044
3.782	65.26546812
3.784	65.26604734
3.786	65.28169932
3.788	65.25999965
3.79	65.25939026
3.792	65.36899119
3.794	65.45975454
3.796	65.53663276
3.798	65.57227348
3.8	65.5608519
3.802	65.55292792
3.804	65.53144822
3.806	65.50402553
3.808	65.47281771
3.81	65.45128195
3.812	65.42728135
3.814	65.42295435
3.816	65.40095936
3.818	65.38653879
3.82	65.37463693
3.822	65.36160662
3.824	65.36738947
3.826	65.37770169
3.828	65.40753563
3.83	65.42259649
3.832	65.4667018
3.834	65.48479107
3.836	65.54172702
3.838	65.57725738
3.84	65.64075025
3.842	65.67809772
3.844	65.72618571
3.846	65.72001217
3.848	65.70381592
3.85	65.74055109
3.852	65.77273611
3.854	65.80630599
3.856	65.81892841
3.858	65.83110088
3.86	65.80557179
3.862	65.79183151
3.864	65.75977231
3.866	65.72706752
3.868	65.71132914
3.87	65.70687013
3.872	65.69646201
3.874	65.68256501
3.876	65.676859
3.878	65.7122964
3.88	65.70315481
3.882	65.69049713
3.884	65.69957916
3.886	65.69464572
3.888	65.69788902
3.89	65.70665788
3.892	65.68533414
3.894	65.67736312
3.896	65.6768665
3.898	65.67088942
3.9	65.65916733
3.902	65.63453809
3.904	65.62418573
3.906	65.60096439
3.908	65.60373418
3.91	65.57924737
3.912	65.54983891
3.914	65.527603
3.916	65.50793435
3.918	65.48547043
3.92	65.46258265
3.922	65.45512784
3.924	65.44710374
3.926	65.48846036
3.928	65.49314339
3.93	65.49485368
3.932	65.5627138
3.934	65.58584298
3.936	65.64412449
3.938	65.64503599
3.94	65.62292358
3.942	65.61690776
3.944	65.61570782
3.946	65.63551416
3.948	65.67998887
3.95	65.71551092
3.952	65.74037834
3.954	65.74555869
3.956	65.74674689
3.958	65.74895637
3.96	65.75750291
3.962	65.78638833
3.964	65.76514832
3.966	65.7396067
3.968	65.71081041
3.97	65.68957435
3.972	65.6705423
3.974	65.66611569
3.976	65.64861877
3.978	65.62908224
3.98	65.60587109
3.982	65.58933484
3.984	65.56359496
3.986	65.55693985
3.988	65.54829119
3.99	65.55435996
3.992	65.55699188
3.994	65.58764497
3.996	65.58746272
3.998	65.57276703
4	65.59905332

